8 5 590 397 68 48 -1 -1 -1 0 
8 6 592 338 65 112 -1 -1 -1 0 
20 15 653 390 66 63 -1 -1 -1 0 
21 15 654 390 72 66 -1 -1 -1 0 
21 16 572 339 79 101 -1 -1 -1 0 
22 15 653 388 74 68 -1 -1 -1 0 
22 16 572 339 80 98 -1 -1 -1 0 
23 15 655 387 75 69 -1 -1 -1 0 
23 16 571 337 86 97 -1 -1 -1 0 
24 15 654 387 77 72 -1 -1 -1 0 
24 16 573 338 85 94 -1 -1 -1 0 
25 15 656 388 79 77 -1 -1 -1 0 
26 15 659 387 79 83 -1 -1 -1 0 
27 15 659 385 85 87 -1 -1 -1 0 
28 15 660 384 88 89 -1 -1 -1 0 
29 15 657 380 97 99 -1 -1 -1 0 
29 16 592 355 63 99 -1 -1 -1 0 
30 15 656 374 103 107 -1 -1 -1 0 
30 16 594 354 63 97 -1 -1 -1 0 
30 17 77 413 53 22 -1 -1 -1 0 
31 15 654 368 110 116 -1 -1 -1 0 
31 16 596 356 62 96 -1 -1 -1 0 
32 15 651 367 119 123 -1 -1 -1 0 
32 17 25 404 54 30 -1 -1 -1 0 
33 15 644 377 137 107 -1 -1 -1 0 
33 17 0 410 50 28 -1 -1 -1 0 
34 15 649 365 140 136 -1 -1 -1 0 
35 15 639 360 175 154 -1 -1 -1 0 
36 15 646 362 160 134 -1 -1 -1 0 
37 15 635 360 185 146 -1 -1 -1 0 
38 15 630 347 206 179 -1 -1 -1 0 
39 15 632 349 218 192 -1 -1 -1 0 
40 15 632 344 237 216 -1 -1 -1 0 
41 15 624 334 282 241 -1 -1 -1 0 
43 15 612 323 334 273 -1 -1 -1 0 
44 15 595 315 404 294 -1 -1 -1 0 
45 15 601 298 438 331 -1 -1 -1 0 
46 15 587 277 520 383 -1 -1 -1 0 
