3 1 588 339 73 107 -1 -1 -1 0 
4 1 587 337 75 109 -1 -1 -1 0 
5 1 586 336 76 110 -1 -1 -1 0 
6 1 586 333 75 109 -1 -1 -1 0 
7 1 586 331 75 109 -1 -1 -1 0 
8 1 585 334 75 108 -1 -1 -1 0 
9 1 587 339 74 109 -1 -1 -1 0 
10 1 585 348 76 109 -1 -1 -1 0 
10 3 665 409 56 43 -1 -1 -1 0 
11 1 585 349 75 109 -1 -1 -1 0 
11 3 663 406 60 46 -1 -1 -1 0 
12 1 583 340 76 108 -1 -1 -1 0 
12 3 663 398 60 46 -1 -1 -1 0 
13 1 583 331 72 106 -1 -1 -1 0 
13 3 660 388 63 43 -1 -1 -1 0 
14 1 579 332 75 106 -1 -1 -1 0 
14 3 657 387 61 49 -1 -1 -1 0 
15 1 577 338 72 105 -1 -1 -1 0 
15 3 654 393 67 52 -1 -1 -1 0 
16 1 575 341 76 105 -1 -1 -1 0 
16 3 653 396 70 53 -1 -1 -1 0 
17 1 575 343 74 103 -1 -1 -1 0 
17 3 653 396 68 56 -1 -1 -1 0 
18 1 574 344 73 103 -1 -1 -1 0 
18 3 651 394 75 58 -1 -1 -1 0 
19 1 574 343 73 102 -1 -1 -1 0 
19 3 651 389 73 62 -1 -1 -1 0 
20 1 575 342 73 100 -1 -1 -1 0 
20 3 651 387 76 65 -1 -1 -1 0 
21 1 574 342 76 100 -1 -1 -1 0 
21 3 653 389 77 67 -1 -1 -1 0 
22 1 574 342 76 99 -1 -1 -1 0 
22 3 651 386 81 69 -1 -1 -1 0 
23 1 574 342 80 97 -1 -1 -1 0 
23 3 656 385 76 72 -1 -1 -1 0 
24 1 574 343 80 95 -1 -1 -1 0 
24 3 653 384 81 76 -1 -1 -1 0 
25 1 577 348 78 93 -1 -1 -1 0 
25 3 651 385 88 79 -1 -1 -1 0 
26 1 579 349 79 95 -1 -1 -1 0 
26 3 655 386 88 82 -1 -1 -1 0 
27 1 579 348 81 96 -1 -1 -1 0 
27 3 655 385 91 85 -1 -1 -1 0 
28 1 584 350 77 94 -1 -1 -1 0 
28 3 655 382 97 92 -1 -1 -1 0 
29 1 585 351 82 94 -1 -1 -1 0 
29 3 656 381 102 95 -1 -1 -1 0 
30 1 589 351 79 92 -1 -1 -1 0 
30 3 656 377 108 100 -1 -1 -1 0 
31 1 591 349 79 92 -1 -1 -1 0 
31 3 655 374 117 105 -1 -1 -1 0 
32 1 598 351 72 90 -1 -1 -1 0 
32 3 653 372 127 116 -1 -1 -1 0 
33 1 599 351 73 90 -1 -1 -1 0 
34 1 602 359 73 80 -1 -1 -1 0 
34 3 648 372 147 127 -1 -1 -1 0 
35 1 604 360 72 78 -1 -1 -1 0 
36 3 637 361 177 143 -1 -1 -1 0 
37 3 632 356 186 154 -1 -1 -1 0 
38 3 633 354 204 170 -1 -1 -1 0 
39 3 628 352 227 187 -1 -1 -1 0 
40 3 627 346 250 208 -1 -1 -1 0 
41 3 625 341 276 220 -1 -1 -1 0 
43 3 617 321 333 263 -1 -1 -1 0 
44 3 609 310 382 295 -1 -1 -1 0 
45 3 593 298 451 310 -1 -1 -1 0 
